0 0
0.001 0.000201583
0.002 0.000406146
0.003 0.000610054
0.004 0.000827372
0.005 0.00102699
0.006 0.00122446
0.007 0.00143588
0.008 0.00164127
0.009 0.001854
0.01 0.0020597
0.011 0.00225765
0.012 0.00247258
0.013 0.00268561
0.014 0.00286579
0.015 0.00309354
0.016 0.00330615
0.017 0.00352436
0.018 0.00369799
0.019 0.00393003
0.02 0.00414234
0.021 0.00435197
0.022 0.00456762
0.023 0.00475883
0.024 0.0049873
0.025 0.0051893
0.026 0.0053761
0.027 0.00561577
0.028 0.0057776
0.029 0.00603127
0.03 0.0062533
0.031 0.00642663
0.032 0.00667256
0.033 0.00685918
0.034 0.00705582
0.035 0.00727421
0.036 0.00750917
0.037 0.00775516
0.038 0.00796551
0.039 0.00814575
0.04 0.00837201
0.041 0.00857246
0.042 0.00877702
0.043 0.00896448
0.044 0.00924504
0.045 0.00946885
0.046 0.00962931
0.047 0.00986272
0.048 0.0100811
0.049 0.0103011
0.05 0.0105126
0.051 0.0107583
0.052 0.0109751
0.053 0.0111895
0.054 0.0114261
0.055 0.0115732
0.056 0.0118583
0.057 0.0120298
0.058 0.0122612
0.059 0.0124942
0.06 0.0127486
0.061 0.0128957
0.062 0.0131581
0.063 0.0133344
0.064 0.0135904
0.065 0.0138232
0.066 0.0140198
0.067 0.0142581
0.068 0.0144463
0.069 0.0146555
0.07 0.0149033
0.071 0.0151173
0.072 0.0153652
0.073 0.0155915
0.074 0.0157738
0.075 0.0160627
0.076 0.0162265
0.077 0.0164624
0.078 0.0166779
0.079 0.016966
0.08 0.0171831
0.081 0.0173444
0.082 0.0176254
0.083 0.0178145
0.084 0.0180293
0.085 0.0182899
0.086 0.0185854
0.087 0.0186897
0.088 0.0190111
0.089 0.0192259
0.09 0.019375
0.091 0.0196797
0.092 0.0198374
0.093 0.0200593
0.094 0.0203686
0.095 0.0205354
0.096 0.0207903
0.097 0.0209669
0.098 0.0212466
0.099 0.0214237
0.1 0.021751
0.101 0.0219276
0.102 0.0221801
0.103 0.0224277
0.104 0.0226291
0.105 0.0228881
0.106 0.0231007
0.107 0.0233335
0.108 0.0235193
0.109 0.0237562
0.11 0.0240441
0.111 0.0242593
0.112 0.0244905
0.113 0.0246993
0.114 0.0249538
0.115 0.025162
0.116 0.0253118
0.117 0.0257315
0.118 0.0259171
0.119 0.026162
0.12 0.0263995
0.121 0.0266374
0.122 0.0268965
0.123 0.0270888
0.124 0.0273706
0.125 0.0275113
0.126 0.0278229
0.127 0.0280113
0.128 0.0282591
0.129 0.0284739
0.13 0.0287459
0.131 0.0289938
0.132 0.0292084
0.133 0.0294514
0.134 0.0296245
0.135 0.0299628
0.136 0.0301032
0.137 0.0303162
0.138 0.0306855
0.139 0.0309125
0.14 0.0311491
0.141 0.0313849
0.142 0.0316021
0.143 0.0318303
0.144 0.0321997
0.145 0.0323386
0.146 0.0325897
0.147 0.0328479
0.148 0.0331329
0.149 0.0333601
0.15 0.0336413
0.151 0.0338802
0.152 0.0340792
0.153 0.0343183
0.154 0.0344961
0.155 0.0348285
0.156 0.0351273
0.157 0.0352854
0.158 0.035467
0.159 0.0358607
0.16 0.0360504
0.161 0.0362402
0.162 0.0365676
0.163 0.0367982
0.164 0.0370854
0.165 0.0372297
0.166 0.0374171
0.167 0.0377825
0.168 0.0380567
0.169 0.0383568
0.17 0.0385308
0.171 0.0388455
0.172 0.0390497
0.173 0.0392904
0.174 0.0395905
0.175 0.0398239
0.176 0.0400669
0.177 0.0403054
0.178 0.0406128
0.179 0.040813
0.18 0.0411245
0.181 0.0413304
0.182 0.0415804
0.183 0.0419381
0.184 0.0420412
0.185 0.0424525
0.186 0.0425531
0.187 0.0428337
0.188 0.0431002
0.189 0.0433412
0.19 0.0436538
0.191 0.0439356
0.192 0.0441961
0.193 0.0444823
0.194 0.044735
0.195 0.0450671
0.196 0.0452653
0.197 0.0454419
0.198 0.0457134
0.199 0.0460134
0.2 0.0462372
0.201 0.0465295
0.202 0.0467294
0.203 0.0470992
0.204 0.0473219
0.205 0.0476384
0.206 0.0478923
0.207 0.0480728
0.208 0.0484029
0.209 0.0486502
0.21 0.0489104
0.211 0.0491224
0.212 0.0494626
0.213 0.0497558
0.214 0.0499811
0.215 0.0501533
0.216 0.0505221
0.217 0.0507649
0.218 0.0509844
0.219 0.0512822
0.22 0.0516241
0.221 0.0517437
0.222 0.0521338
0.223 0.0524034
0.224 0.0526304
0.225 0.0530396
0.226 0.053118
0.227 0.0534664
0.228 0.0537855
0.229 0.0540149
0.23 0.0542676
0.231 0.0545202
0.232 0.0547912
0.233 0.055173
0.234 0.0553572
0.235 0.055674
0.236 0.056013
0.237 0.0561812
0.238 0.0564381
0.239 0.0568461
0.24 0.0570601
0.241 0.057457
0.242 0.0576004
0.243 0.0579261
0.244 0.058164
0.245 0.0584376
0.246 0.058648
0.247 0.0589577
0.248 0.0592945
0.249 0.0594959
0.25 0.0598577
0.251 0.060068
0.252 0.0603657
0.253 0.0606526
0.254 0.0610195
0.255 0.0612301
0.256 0.0616062
0.257 0.0617338
0.258 0.0620965
0.259 0.0623474
0.26 0.0626515
0.261 0.0628763
0.262 0.0632292
0.263 0.0636432
0.264 0.0638976
0.265 0.0641414
0.266 0.0643643
0.267 0.0646765
0.268 0.0650544
0.269 0.0652081
0.27 0.0656059
0.271 0.0658418
0.272 0.0662395
0.273 0.0663885
0.274 0.0667652
0.275 0.0670332
0.276 0.0673311
0.277 0.0676059
0.278 0.0679678
0.279 0.0681898
0.28 0.068389
0.281 0.0688214
0.282 0.0690333
0.283 0.0693496
0.284 0.0696266
0.285 0.0699735
0.286 0.0701801
0.287 0.0704821
0.288 0.0708589
0.289 0.071112
0.29 0.0714422
0.291 0.0717883
0.292 0.0721249
0.293 0.0723827
0.294 0.0726475
0.295 0.0728845
0.296 0.0732493
0.297 0.0736111
0.298 0.0739766
0.299 0.074124
0.3 0.0744802
0.301 0.074841
0.302 0.0750847
0.303 0.0754239
0.304 0.0757606
0.305 0.0761143
0.306 0.0762253
0.307 0.0764956
0.308 0.0768387
0.309 0.0772229
0.31 0.0775575
0.311 0.0778352
0.312 0.0781255
0.313 0.0784402
0.314 0.0786667
0.315 0.0790737
0.316 0.0793513
0.317 0.0795425
0.318 0.0800114
0.319 0.0803308
0.32 0.0805795
0.321 0.0810369
0.322 0.0811035
0.323 0.0816146
0.324 0.0817538
0.325 0.0822452
0.326 0.0826173
0.327 0.082776
0.328 0.0831482
0.329 0.0834581
0.33 0.0838882
0.331 0.0841977
0.332 0.0843245
0.333 0.0847395
0.334 0.0850596
0.335 0.0853505
0.336 0.0856497
0.337 0.0860409
0.338 0.086334
0.339 0.0866494
0.34 0.0869569
0.341 0.0873057
0.342 0.0875775
0.343 0.0880611
0.344 0.0882964
0.345 0.0884756
0.346 0.0889659
0.347 0.0892096
0.348 0.0896608
0.349 0.0898328
0.35 0.090326
0.351 0.0905437
0.352 0.0907605
0.353 0.0912365
0.354 0.0916135
0.355 0.0918859
0.356 0.0921741
0.357 0.0925176
0.358 0.0928096
0.359 0.0932235
0.36 0.0936258
0.361 0.093987
0.362 0.0940707
0.363 0.094461
0.364 0.0948122
0.365 0.0951259
0.366 0.0955392
0.367 0.0957515
0.368 0.0961986
0.369 0.0964289
0.37 0.0968477
0.371 0.0972063
0.372 0.0974647
0.373 0.0979441
0.374 0.0982213
0.375 0.098634
0.376 0.0988821
0.377 0.0993029
0.378 0.0995549
0.379 0.0999704
0.38 0.100329
0.381 0.100748
0.382 0.101092
0.383 0.101514
0.384 0.101921
0.385 0.102016
0.386 0.102495
0.387 0.102655
0.388 0.103117
0.389 0.10355
0.39 0.103737
0.391 0.104169
0.392 0.104451
0.393 0.10485
0.394 0.105088
0.395 0.105612
0.396 0.105884
0.397 0.106274
0.398 0.106447
0.399 0.107031
0.4 0.10735
0.401 0.107705
0.402 0.107999
0.403 0.108423
0.404 0.108771
0.405 0.109299
0.406 0.109556
0.407 0.109775
0.408 0.110162
0.409 0.110508
0.41 0.111025
0.411 0.111277
0.412 0.111658
0.413 0.112083
0.414 0.112452
0.415 0.112823
0.416 0.113112
0.417 0.113636
0.418 0.113871
0.419 0.114179
0.42 0.114503
0.421 0.114987
0.422 0.115401
0.423 0.115772
0.424 0.116082
0.425 0.116435
0.426 0.116991
0.427 0.117136
0.428 0.117621
0.429 0.118006
0.43 0.118169
0.431 0.118755
0.432 0.119088
0.433 0.119371
0.434 0.119824
0.435 0.12029
0.436 0.120544
0.437 0.121102
0.438 0.121394
0.439 0.121665
0.44 0.12212
0.441 0.122599
0.442 0.122892
0.443 0.123418
0.444 0.123748
0.445 0.124067
0.446 0.124458
0.447 0.12482
0.448 0.125323
0.449 0.125602
0.45 0.125983
0.451 0.126185
0.452 0.126877
0.453 0.127267
0.454 0.127553
0.455 0.128013
0.456 0.128454
0.457 0.128799
0.458 0.12925
0.459 0.129698
0.46 0.12995
0.461 0.130298
0.462 0.130779
0.463 0.131184
0.464 0.131485
0.465 0.131897
0.466 0.132288
0.467 0.132735
0.468 0.133215
0.469 0.133548
0.47 0.133782
0.471 0.134418
0.472 0.134806
0.473 0.13527
0.474 0.135619
0.475 0.135985
0.476 0.136479
0.477 0.136862
0.478 0.137196
0.479 0.13768
0.48 0.138098
0.481 0.138576
0.482 0.138907
0.483 0.13931
0.484 0.139786
0.485 0.140304
0.486 0.14063
0.487 0.140956
0.488 0.141433
0.489 0.141931
0.49 0.142221
0.491 0.142602
0.492 0.143161
0.493 0.143455
0.494 0.143792
0.495 0.144311
0.496 0.144935
0.497 0.145243
0.498 0.145712
0.499 0.146226
0.5 0.146562
0.501 0.147058
0.502 0.147451
0.503 0.147853
0.504 0.148193
0.505 0.148685
0.506 0.149158
0.507 0.149613
0.508 0.150082
0.509 0.150455
0.51 0.150947
0.511 0.151293
0.512 0.151663
0.513 0.152255
0.514 0.152822
0.515 0.153134
0.516 0.153732
0.517 0.154053
0.518 0.154551
0.519 0.154958
0.52 0.155295
0.521 0.155623
0.522 0.156042
0.523 0.156727
0.524 0.157106
0.525 0.15762
0.526 0.158161
0.527 0.158527
0.528 0.159061
0.529 0.159341
0.53 0.159907
0.531 0.160413
0.532 0.160953
0.533 0.161343
0.534 0.161742
0.535 0.162378
0.536 0.16269
0.537 0.163251
0.538 0.163625
0.539 0.164246
0.54 0.164716
0.541 0.165043
0.542 0.165515
0.543 0.165897
0.544 0.166485
0.545 0.166928
0.546 0.167358
0.547 0.167841
0.548 0.168402
0.549 0.168864
0.55 0.169333
0.551 0.16973
0.552 0.170275
0.553 0.170842
0.554 0.171173
0.555 0.171751
0.556 0.172265
0.557 0.17264
0.558 0.17306
0.559 0.173464
0.56 0.174021
0.561 0.174669
0.562 0.175122
0.563 0.17578
0.564 0.176045
0.565 0.176547
0.566 0.177143
0.567 0.177731
0.568 0.178038
0.569 0.17863
0.57 0.179282
0.571 0.179625
0.572 0.180066
0.573 0.180706
0.574 0.181039
0.575 0.181657
0.576 0.181995
0.577 0.182664
0.578 0.183288
0.579 0.183568
0.58 0.184132
0.581 0.184774
0.582 0.185237
0.583 0.185726
0.584 0.186212
0.585 0.186862
0.586 0.187213
0.587 0.187814
0.588 0.188172
0.589 0.188744
0.59 0.189469
0.591 0.189813
0.592 0.190421
0.593 0.190873
0.594 0.191523
0.595 0.191867
0.596 0.192558
0.597 0.193319
0.598 0.19373
0.599 0.194236
0.6 0.194725
0.601 0.195311
0.602 0.195664
0.603 0.196572
0.604 0.196844
0.605 0.197663
0.606 0.198021
0.607 0.198666
0.608 0.199124
0.609 0.199549
0.61 0.200325
0.611 0.200858
0.612 0.201377
0.613 0.201852
0.614 0.202512
0.615 0.202692
0.616 0.203435
0.617 0.20405
0.618 0.204611
0.619 0.205189
0.62 0.205897
0.621 0.206383
0.622 0.206773
0.623 0.207358
0.624 0.208143
0.625 0.208694
0.626 0.209301
0.627 0.209921
0.628 0.210194
0.629 0.211063
0.63 0.211306
0.631 0.21203
0.632 0.212825
0.633 0.213356
0.634 0.213794
0.635 0.21459
0.636 0.215018
0.637 0.215479
0.638 0.216281
0.639 0.216977
0.64 0.217209
0.641 0.218248
0.642 0.218526
0.643 0.219281
0.644 0.219674
0.645 0.220508
0.646 0.220878
0.647 0.221633
0.648 0.222267
0.649 0.222895
0.65 0.223552
0.651 0.224228
0.652 0.224684
0.653 0.225328
0.654 0.226012
0.655 0.226647
0.656 0.227306
0.657 0.227846
0.658 0.228315
0.659 0.228915
0.66 0.229593
0.661 0.230278
0.662 0.231055
0.663 0.231815
0.664 0.232347
0.665 0.232897
0.666 0.23347
0.667 0.234227
0.668 0.234749
0.669 0.235528
0.67 0.236073
0.671 0.236828
0.672 0.23742
0.673 0.238017
0.674 0.238969
0.675 0.239462
0.676 0.240193
0.677 0.240819
0.678 0.241441
0.679 0.242062
0.68 0.242791
0.681 0.243338
0.682 0.243965
0.683 0.244814
0.684 0.245279
0.685 0.246219
0.686 0.246774
0.687 0.247537
0.688 0.248189
0.689 0.248914
0.69 0.249338
0.691 0.250173
0.692 0.25093
0.693 0.25167
0.694 0.25246
0.695 0.253106
0.696 0.253594
0.697 0.254284
0.698 0.255088
0.699 0.255849
0.7 0.25652
0.701 0.257306
0.702 0.258018
0.703 0.258671
0.704 0.259495
0.705 0.260231
0.706 0.260979
0.707 0.261763
0.708 0.262378
0.709 0.263143
0.71 0.263922
0.711 0.264582
0.712 0.265438
0.713 0.265986
0.714 0.266779
0.715 0.267506
0.716 0.268142
0.717 0.269171
0.718 0.269781
0.719 0.270406
0.72 0.271251
0.721 0.271798
0.722 0.272754
0.723 0.273485
0.724 0.274378
0.725 0.275108
0.726 0.275591
0.727 0.276826
0.728 0.277349
0.729 0.278144
0.73 0.279098
0.731 0.279708
0.732 0.280469
0.733 0.281215
0.734 0.282232
0.735 0.283
0.736 0.283813
0.737 0.284628
0.738 0.285406
0.739 0.286255
0.74 0.28693
0.741 0.287825
0.742 0.288622
0.743 0.28943
0.744 0.290242
0.745 0.291218
0.746 0.291792
0.747 0.292798
0.748 0.293551
0.749 0.294368
0.75 0.295136
0.751 0.296161
0.752 0.297152
0.753 0.297752
0.754 0.29872
0.755 0.299575
0.756 0.30038
0.757 0.301278
0.758 0.301965
0.759 0.302992
0.76 0.30394
0.761 0.304582
0.762 0.305592
0.763 0.306478
0.764 0.307459
0.765 0.308369
0.766 0.309119
0.767 0.310259
0.768 0.310877
0.769 0.311991
0.77 0.312931
0.771 0.313842
0.772 0.314548
0.773 0.315552
0.774 0.316572
0.775 0.317487
0.776 0.318025
0.777 0.319163
0.778 0.320117
0.779 0.320991
0.78 0.322173
0.781 0.323028
0.782 0.324011
0.783 0.324968
0.784 0.325964
0.785 0.326876
0.786 0.327954
0.787 0.32861
0.788 0.329783
0.789 0.330623
0.79 0.331817
0.791 0.332869
0.792 0.333793
0.793 0.334536
0.794 0.336039
0.795 0.336869
0.796 0.337709
0.797 0.338948
0.798 0.33971
0.799 0.340847
0.8 0.341881
0.801 0.342806
0.802 0.343873
0.803 0.345005
0.804 0.346156
0.805 0.34702
0.806 0.348353
0.807 0.349054
0.808 0.350274
0.809 0.351174
0.81 0.352286
0.811 0.35348
0.812 0.354807
0.813 0.355809
0.814 0.356912
0.815 0.357691
0.816 0.358887
0.817 0.360187
0.818 0.361297
0.819 0.362328
0.82 0.363624
0.821 0.364704
0.822 0.365728
0.823 0.3667
0.824 0.367942
0.825 0.369079
0.826 0.370333
0.827 0.371708
0.828 0.372777
0.829 0.374101
0.83 0.375084
0.831 0.37618
0.832 0.37765
0.833 0.378603
0.834 0.379748
0.835 0.381364
0.836 0.382375
0.837 0.383707
0.838 0.384761
0.839 0.386177
0.84 0.387321
0.841 0.388524
0.842 0.389716
0.843 0.391242
0.844 0.39218
0.845 0.39361
0.846 0.394974
0.847 0.396409
0.848 0.397871
0.849 0.398865
0.85 0.40001
0.851 0.401623
0.852 0.402712
0.853 0.404223
0.854 0.405364
0.855 0.406835
0.856 0.408304
0.857 0.409601
0.858 0.411111
0.859 0.412711
0.86 0.413978
0.861 0.415153
0.862 0.416594
0.863 0.418261
0.864 0.419387
0.865 0.420949
0.866 0.42215
0.867 0.423638
0.868 0.425388
0.869 0.426869
0.87 0.428209
0.871 0.429713
0.872 0.431341
0.873 0.43278
0.874 0.43444
0.875 0.435851
0.876 0.437529
0.877 0.438834
0.878 0.440278
0.879 0.442296
0.88 0.443743
0.881 0.445347
0.882 0.447036
0.883 0.448566
0.884 0.450401
0.885 0.45192
0.886 0.453502
0.887 0.455071
0.888 0.457034
0.889 0.458543
0.89 0.460175
0.891 0.46214
0.892 0.463569
0.893 0.465384
0.894 0.467072
0.895 0.46874
0.896 0.470627
0.897 0.472404
0.898 0.474236
0.899 0.476381
0.9 0.478154
0.901 0.479641
0.902 0.481694
0.903 0.483566
0.904 0.485363
0.905 0.487191
0.906 0.489304
0.907 0.491415
0.908 0.4934
0.909 0.495482
0.91 0.497272
0.911 0.499677
0.912 0.50118
0.913 0.503467
0.914 0.505651
0.915 0.507567
0.916 0.509661
0.917 0.511691
0.918 0.51409
0.919 0.516154
0.92 0.518226
0.921 0.520655
0.922 0.522802
0.923 0.524944
0.924 0.527335
0.925 0.529418
0.926 0.531956
0.927 0.53433
0.928 0.536766
0.929 0.539027
0.93 0.541564
0.931 0.543952
0.932 0.546532
0.933 0.548959
0.934 0.551528
0.935 0.553975
0.936 0.556752
0.937 0.559295
0.938 0.562021
0.939 0.564855
0.94 0.567428
0.941 0.570076
0.942 0.572888
0.943 0.575733
0.944 0.578597
0.945 0.581756
0.946 0.584493
0.947 0.587503
0.948 0.59056
0.949 0.593535
0.95 0.596822
0.951 0.599874
0.952 0.6029
0.953 0.606209
0.954 0.609572
0.955 0.613027
0.956 0.616559
0.957 0.619748
0.958 0.623332
0.959 0.626837
0.96 0.630496
0.961 0.634429
0.962 0.638012
0.963 0.641872
0.964 0.645913
0.965 0.649851
0.966 0.654009
0.967 0.658021
0.968 0.662342
0.969 0.666492
0.97 0.671328
0.971 0.675654
0.972 0.680301
0.973 0.685139
0.974 0.68997
0.975 0.695004
0.976 0.699921
0.977 0.70562
0.978 0.710779
0.979 0.716547
0.98 0.722552
0.981 0.728489
0.982 0.734418
0.983 0.740975
0.984 0.747557
0.985 0.75464
0.986 0.761932
0.987 0.769269
0.988 0.777326
0.989 0.785639
0.99 0.794488
0.991 0.804127
0.992 0.814164
0.993 0.825042
0.994 0.836727
0.995 0.849787
0.996 0.86449
0.997 0.881523
0.998 0.902193
0.999 0.92962
1 1
