-1 1
-0.96875 0.959342
-0.9375 0.931018
-0.90625 0.90685
-0.875 0.885152
-0.84375 0.865167
-0.8125 0.846372
-0.78125 0.828733
-0.75 0.811922
-0.71875 0.795649
-0.6875 0.779991
-0.65625 0.765017
-0.625 0.750329
-0.59375 0.736165
-0.5625 0.72212
-0.53125 0.70836
-0.5 0.695065
-0.46875 0.68193
-0.4375 0.66893
-0.40625 0.656325
-0.375 0.643818
-0.34375 0.631211
-0.3125 0.619047
-0.28125 0.606781
-0.25 0.594513
-0.21875 0.582387
-0.1875 0.570328
-0.15625 0.558762
-0.125 0.546943
-0.09375 0.535252
-0.0625 0.523592
-0.03125 0.511624
0 0.499945
0.03125 0.488271
0.0625 0.476601
0.09375 0.464903
0.125 0.453134
0.15625 0.441325
0.1875 0.429438
0.21875 0.417448
0.25 0.405459
0.28125 0.393258
0.3125 0.380962
0.34375 0.368754
0.375 0.356454
0.40625 0.343594
0.4375 0.330914
0.46875 0.317926
0.5 0.304909
0.53125 0.291581
0.5625 0.277972
0.59375 0.264033
0.625 0.2494
0.65625 0.235029
0.6875 0.219963
0.71875 0.20425
0.75 0.188147
0.78125 0.171327
0.8125 0.153665
0.84375 0.134946
0.875 0.114968
0.90625 0.0933051
0.9375 0.0689725
0.96875 0.0406057
1 0
