-1 1
-0.875 0.895093
-0.875 0.888021
-0.875 0.87861
-0.875 0.869092
-0.875 0.854629
-0.875 0.834086
-0.875 0.798787
-0.75 0.80593
-0.75 0.798399
-0.75 0.78933
-0.75 0.775956
-0.75 0.762166
-0.75 0.743794
-0.75 0.716257
-0.625 0.727098
-0.625 0.720064
-0.625 0.711423
-0.625 0.699938
-0.625 0.687121
-0.625 0.672832
-0.625 0.652374
-0.5 0.657029
-0.5 0.648699
-0.5 0.641109
-0.5 0.633278
-0.5 0.622612
-0.5 0.611838
-0.5 0.595897
-0.375 0.589803
-0.375 0.583559
-0.375 0.578012
-0.375 0.57066
-0.375 0.563532
-0.375 0.554133
-0.375 0.541609
-0.25 0.52694
-0.25 0.521431
-0.25 0.516952
-0.25 0.51277
-0.25 0.506774
-0.25 0.500377
-0.25 0.491348
-0.125 0.465614
-0.125 0.462657
-0.125 0.460061
-0.125 0.456542
-0.125 0.452351
-0.125 0.447463
-0.125 0.440935
0 0.407766
0 0.406149
0 0.405342
0 0.402081
0 0.399686
0 0.395975
0 0.390997
0.125 0.352091
0.125 0.351513
0.125 0.350464
0.125 0.349634
0.125 0.347798
0.125 0.345313
0.125 0.342017
0.25 0.297303
0.25 0.297991
0.25 0.297944
0.25 0.297464
0.25 0.29714
0.25 0.295442
0.25 0.292935
0.375 0.245177
0.375 0.245565
0.375 0.245928
0.375 0.246144
0.375 0.246153
0.375 0.24616
0.375 0.244666
0.5 0.193494
0.5 0.194073
0.5 0.195304
0.5 0.195909
0.5 0.196489
0.5 0.196658
0.5 0.195904
0.625 0.143264
0.625 0.144273
0.625 0.145096
0.625 0.146102
0.625 0.14668
0.625 0.147073
0.625 0.147195
0.75 0.0946305
0.75 0.0949828
0.75 0.0958777
0.75 0.0963429
0.75 0.0969661
0.75 0.0977863
0.75 0.0981517
0.875 0.0468761
0.875 0.0468827
0.875 0.047093
0.875 0.0474424
0.875 0.0479968
0.875 0.0484008
0.875 0.0488864
1 0
