0 0
0.03125 0.0105753
0.0625 0.020896
0.09375 0.0318127
0.125 0.0430374
0.15625 0.0539379
0.1875 0.0654469
0.21875 0.0771818
0.25 0.0898743
0.28125 0.102268
0.3125 0.114496
0.34375 0.128001
0.375 0.141887
0.40625 0.156296
0.4375 0.170561
0.46875 0.185656
0.5 0.202112
0.53125 0.219066
0.5625 0.236268
0.59375 0.254224
0.625 0.27476
0.65625 0.294383
0.6875 0.316544
0.71875 0.340541
0.75 0.366216
0.78125 0.395679
0.8125 0.427869
0.84375 0.465279
0.875 0.506643
0.90625 0.557509
0.9375 0.623796
0.96875 0.71694
1 1
