-1 0.127086
-0.9375 0.120483
-0.875 0.115281
-0.8125 0.110662
-0.75 0.106317
-0.6875 0.101587
-0.625 0.0976295
-0.5625 0.0936079
-0.5 0.089467
-0.4375 0.0859041
-0.375 0.0820169
-0.3125 0.0787058
-0.25 0.0748615
-0.1875 0.0701656
-0.125 0.0674791
-0.0625 0.0634203
0 0.0598936
0.0625 0.0565319
0.125 0.0522184
0.1875 0.0491629
0.25 0.0451441
0.3125 0.0418072
0.375 0.0376253
0.4375 0.0343237
0.5 0.0306158
0.5625 0.0268669
0.625 0.0231943
0.6875 0.0191431
0.75 0.0152893
0.8125 0.0115795
0.875 0.00783825
0.9375 0.00393581
