0 0
0.03125 0.00316906
0.0625 0.00634003
0.09375 0.00970745
0.125 0.0133629
0.15625 0.0171576
0.1875 0.0213861
0.21875 0.0256186
0.25 0.0303135
0.28125 0.0355053
0.3125 0.0402365
0.34375 0.0463867
0.375 0.0530958
0.40625 0.0589828
0.4375 0.0666189
0.46875 0.0739269
0.5 0.0824318
0.53125 0.09202
0.5625 0.101789
0.59375 0.113264
0.625 0.125506
0.65625 0.13919
0.6875 0.154881
0.71875 0.171947
0.75 0.19223
0.78125 0.215947
0.8125 0.243349
0.84375 0.277357
0.875 0.318051
0.90625 0.372372
0.9375 0.445972
0.96875 0.564448
1 1
