0 0
0.03125 0.0065012
0.0625 0.0132113
0.09375 0.0203094
0.125 0.0276403
0.15625 0.0347881
0.1875 0.0427485
0.21875 0.0510235
0.25 0.0597849
0.28125 0.0689516
0.3125 0.0779829
0.34375 0.0880194
0.375 0.0991716
0.40625 0.109356
0.4375 0.121472
0.46875 0.133204
0.5 0.147201
0.53125 0.161134
0.5625 0.175878
0.59375 0.191219
0.625 0.209223
0.65625 0.22707
0.6875 0.247597
0.71875 0.26977
0.75 0.294645
0.78125 0.323677
0.8125 0.355074
0.84375 0.391701
0.875 0.43529
0.90625 0.4897
0.9375 0.561275
0.96875 0.665412
1 1
