-1 0.266981
-0.9375 0.256311
-0.875 0.246306
-0.8125 0.2377
-0.75 0.230083
-0.6875 0.221837
-0.625 0.216215
-0.5625 0.208544
-0.5 0.20119
-0.4375 0.194374
-0.375 0.188488
-0.3125 0.181483
-0.25 0.175063
-0.1875 0.167674
-0.125 0.161161
-0.0625 0.154625
0 0.146732
0.0625 0.139532
0.125 0.131706
0.1875 0.124184
0.25 0.116429
0.3125 0.107711
0.375 0.0996456
0.4375 0.0916061
0.5 0.0824289
0.5625 0.0733061
0.625 0.0633135
0.6875 0.0539446
0.75 0.0439625
0.8125 0.0336294
0.875 0.0227613
0.9375 0.0114908
